757338144
152008377
1381294856
1851278687
1507498599
262080793
1904899324
1740145449
2069218636
331453993
520533452
193721363
1330565786
1995096001
383277238
946856761
204762913
1514669956
1617468837
718080290
1004403939
1084353590
326788101
821264648
1897855421
295468490
92135073
916991969
1854456642
1988482874
329937280
464311138
2140491251
1711232137
168106178
1500506202
1973312930
2073005502
1093168003
1895047919
256975847
1613701456
2088769282
1587541633
1461313809
324562872
386914746
1666076722
1839232828
2004383584
236673365
696153120
941253526
563461466
1517417768
691625299
858929957
1609552842
1608617268
565902951
1450552068
1938554549
1030214090
1443559672
1502303038
1198320268
796582226
1328132320
1123842122
1889750230
1075696591
1380817969
1355968038
1016982226
820875954
669798199
1341545098
1207790700
188391273
1033294279
1064690636
425064638
1729447399
2005944163
988526105
1099381519
550085814
1847456062
561450713
11219435
265875365
2012002782
1949773984
1296089455
1308078806
1304593374
346926075
2104661032
485242046
1470768197
