1846927614
1560938638
704102518
1055412004
430437216
1524978472
1725210203
1771982314
585285525
1913601477
657792945
1649976161
191182467
239756696
1508436676
1179708572
1339138216
2058522491
879680986
1900588929
2069741926
1145556352
1765108063
1872032262
294162159
925703221
1029141988
641088235
882880606
1514384034
2111856432
582324572
927839024
668475303
1637736577
1358276240
45970127
1215463132
982774907
631255652
981580961
1640567852
133748166
1172763429
1880324549
1642184842
204988353
1071979117
1553223685
1084669340
825084398
1475481963
82742044
442708814
1200030577
376904203
1368412035
81688917
1017992438
103808993
1596072952
982365223
686133566
376428328
1650840526
176386495
1734704569
1696810653
1391849627
569995828
180582658
225946941
63080032
314330824
1398710370
1943404581
1956515666
1603698723
867900050
1362255704
540884415
1692984449
690254019
623626459
2135693263
1890284597
1000530663
1356621650
1971973514
2018523101
1460430644
1420562818
853404676
2146564210
1796991147
356761554
175467057
1384212068
2053572208
1567316684
1954207896
86671218
1793263625
2017287928
401002042
1044490347
1813208862
210034060
500705423
533625264
1572289764
1041589838
79126065
115060136
1665216298
67335680
2005344733
518263313
1423957331
1829834599
389302766
736904327
1102913770
1242707443
735984889
752421269
1599468997
911451946
2136633337
1505557557
331284982
1943357585
1592228775
2124548608
1813161865
1993230817
1021555307
1478887079
55781230
1522260730
2012512344
1628070994
416366921
2091638409
1743131130
2081583219
11490442
1600992215
452362884
1435447773
1283343167
841665650
24868452
238773289
2084373093
760853341
991194558
1536358443
1672305287
980344247
894432352
2003590269
776218184
339177480
1980655229
441896401
184924649
854726889
1920783481
240705879
229503971
1785812177
1868776874
645870892
1729966938
1464424356
579970463
1741457380
917932924
1032333347
1029421505
53792443
1873998998
1054289957
292565732
1810888443
1815143298
1283760290
1199763238
1339964937
116620889
2094195591
1196071559
892839073
285889423
1029243140
1334735474
470814072
1883970029
1108035307
711519952
2113474001
746363836
432813178
611861245
328847127
1897237534
1191831709
2070304507
667686810
76681408
952242365
721479253
1950680406
2006532322
1014044985
1614085202
1674191973
150321627
666364792
866673262
266942516
613076735
2062744821
1159781589
898966158
944504314
347033416
1369780231
680990695
1455068723
2081300183
646981048
53948912
366629713
1258842294
382796039
116383599
303190355
305616898
784070410
379871763
1257859263
1505549663
183068522
1116907938
372111001
1797153724
643616263
522432628
316034868
1510289525
789375145
929111604
1425550699
1949156734
1828077762
222571365
148706502
1050374345
903562060
1603775226
984190880
1550543109
1657724138
1350820593
661901755
2040520177
1467204193
965092110
198653427
103790955
1344963873
1456512691
1609340618
1528032395
425936981
1981451619
1177702471
1069553244
356400600
1493737340
432359121
1145775745
275365296
1857909820
947448831
2103443058
2080481185
1096155334
1006333756
836559598
552446912
1990524636
239619059
62687402
1193861582
901520814
2103207579
513582127
1866612924
154377358
617373082
1064093149
1610890049
79230052
444641897
2036827030
2060681672
1622344368
958896626
269598624
968598060
1391255748
1415374369
1243963356
1101681920
215339552
1199922767
1034679458
1311494886
58772875
1871239056
1863941798
2049297511
2110858115
1926629200
1095675445
864895281
1882353131
1609257572
584024557
2036730490
79147006
1648117706
1500136891
158377059
2092759603
1389480274
71575083
1567620324
200893252
341173707
388734736
1592149000
1756548076
1632698093
546347273
1971887628
685137212
1581026731
1135898867
743910087
1304782139
852357017
645723950
1268156606
631502570
1741399396
2133051887
366372053
1203173320
569592796
255618895
1282320327
70226854
1755755787
1440697386
15502810
997752413
1512272469
1583123134
1198645665
1853446176
1971857870
643311018
1462510604
1457072315
1189658291
1286914584
2142209527
623201374
275329803
738635966
1927983513
1127686821
1384359917
1048656471
1759189391
978275665
1034224710
2125561444
33965337
1603817506
233696692
1316285664
1674044360
1989452479
609499402
1689547170
839721244
2121771871
1125186656
2038366909
1827734399
949560879
534194279
1142761355
259149546
1723852570
282192292
253875426
199570296
557522095
992511392
2127553809
1685208916
229387661
1028726632
1296914659
1207663326
2062951342
1274992456
1241628664
1519285200
1508689148
410430680
1045845913
1350657979
1019930083
587909435
42895575
994218306
1713096092
2081262484
674469058
515173323
467973116
1817230413
774322869
44342038
2099422705
1028198295
243912335
509461153
2020709688
223982496
47186421
102613701
1252709129
1344101081
1310277028
1168176823
471609889
404422044
539978376
1980299037
814852724
1585824289
1183473368
1834782807
26250076
1226368943
681517466
1739346168
1160147779
1355986524
107035843
1628120895
1025733289
881358713
1672462934
977672347
1909557008
1916375269
1487133500
1782783048
2140357765
1534319921
1885396750
1245583246
730937354
1048190130
266276422
1202547243
1452612174
806254798
1035362632
119981250
244595439
71352352
1954764058
270845515
1297721295
488797876
2010191684
310385427
1844784400
2117227527
1938506322
723034041
851102592
1463485608
1700706388
613175953
1232377229
1040356240
248475353
1225251347
427192514
2133872103
323350945
1158129868
1034578585
589627367
213193464
339707111
1395882165
1248556096
459688362
1640477604
1319908449
266968772
1911323120
470146096
755766648
1774031156
780531523
453067400
1743775035
571554198
1176101441
447393980
2035039806
729324182
1060569933
1119933388
1769680422
1309045286
197701087
49389288
1295433742
521052032
1207519157
182528679
1110679400
1420712621
522235791
359077917
521785069
981924153
1999555522
1841693518
1248892925
1763394994
164355967
2004659573
1389942502
944887490
310243325
986233889
1516441688
1486344766
1433627869
1403997847
68185300
346714154
376447587
1837865723
1655759441
574148674
1887255011
803709535
1095200706
947290520
986238214
58396458
220519493
1508474005
417474376
742304563
342914510
269546250
436514433
1591807435
2032941244
600870400
1448983360
1275400098
1545757891
1759226685
114150339
914715931
1098087804
1547778209
171230130
1166273104
1894492363
547677717
856655179
1402768156
1121826391
596426543
58994043
69543450
1543717063
1045232258
127939908
1764236557
406222615
545414284
359057472
749137126
814960534
795571905
193460913
700418130
1396442306
1642444274
1975818228
794716549
1254187311
2089968568
1709432480
204791467
1490263129
1880662611
1371064572
1237271844
280856680
80236103
492556353
1402683072
676662646
551550396
1472226522
72896062
1596782654
1600166430
1837132619
2003005270
2145580715
48706443
604658748
813057601
844278348
798119661
1513475732
93237006
293080287
1341810312
887953555
1547267599
1284295232
449902388
1752059066
627074713
183081351
975639990
1864346558
463938031
1055876094
209419263
1866621103
1732538740
760969659
1191363977
1805434802
210268666
644046760
1495083773
65790288
642143827
1543790216
670449036
1455201428
240584917
1468568697
821193512
333821923
1761648985
15520177
1221775479
1161432936
1299815409
1671677867
766008354
1926890123
1854759218
1741648345
1643753033
171213601
650040791
1853172296
2037834705
235095883
466658307
1081715034
2040530686
676926973
1725761794
1388130811
742717261
220421973
784437380
1413166297
1675623402
1025022297
734251347
349333266
1358844220
348416684
364853443
433136051
1509849620
1664668853
2104813918
128374326
1444075328
1812089488
1870022671
940344713
1983303090
372579814
646033361
1873654147
607675698
1112691668
807885533
500722736
1789618642
386163680
1888853547
384852255
606585653
525807279
1798018553
134725407
1550829576
384786252
484058674
762190149
733202936
848912117
1195326200
95568908
366097322
1152656471
223943234
1810172650
817262311
2093965906
603033715
653081753
319062072
1249067076
379252252
926737770
214275097
1187137786
1427460506
2003893739
1573301466
1168830406
241262346
32403471
1694637685
2039280899
167128879
1097983614
276583503
651187553
1860173763
1009786439
1500099670
908016315
1105355347
1866196993
2060672786
1329298582
1528885995
730451450
1275780840
2131919711
1383533203
1594842912
1233503139
1762785456
374097035
1447778236
802439594
1801557541
1304188327
228257412
822904299
1545450674
260660883
370058337
1437247925
427789762
1468041951
1713831429
1078977315
1180732066
576134220
431593338
2088748381
1681489568
150306683
2001937520
863304502
1679192678
584905322
2139085342
1663628741
1968438525
1586444606
749648233
1583740333
1960541641
49942821
238696279
1614615535
1354131149
466953691
290036186
752098175
727614575
660094523
41862452
1155404337
2128136474
1755693881
86898005
1161384892
184344454
518491343
1102649626
1865834022
668798026
957103498
581654876
200507056
1542008820
573256570
1864135798
1362963697
12217528
466300383
799220383
1972759170
516243204
1037916662
1439891057
1870374353
1504870354
1729927243
474988880
85001281
242538119
516851333
1240405618
223190945
125061566
1327303623
1384575838
309406020
1845794966
339741816
27756394
367109344
1296845314
609411270
567616401
691370486
1182667840
284268551
2054334183
1194885369
750568934
706070918
1020160891
1266812138
1743987581
312568300
989702844
1101374287
2042495543
1464691724
1186375568
137550014
1981543057
279297538
360740960
2106604624
1606601162
1745316798
268526996
1304912480
2085058614
296283391
1672021825
1234420280
905694661
92154578
1925790766
2088362502
376423129
1832641301
1135764223
1126992063
391228572
8441466
246320553
2135216153
321009766
1236023397
1089106792
216021661
553231474
127998712
353571676
387290883
407296250
714312636
346411859
2013897412
312145786
614938856
1171326245
249720752
911222247
695864422
1484141032
1816916908
788019000
1262448150
1757795762
1164442129
947605803
746076337
143950544
1338834375
754517803
390271097
1326566880
1075527569
1626294495
268190024
1291549231
32042321
396188736
1645120907
419333204
803484987
211949895
765745064
669898751
524095681
1380683920
1841224996
773816433
144422519
389605770
110473817
1961339427
1177624770
1372921967
1571651542
194583251
173044122
170244231
338533795
1511878498
924762035
728804893
690961730
2000289604
207615740
959151755
1144355187
239658061
1355340491
641992446
658991265
11341830
853942341
1424736329
681240582
1378038022
657936601
374981930
4370807
802359120
764587701
114844624
616214900
1942212471
1487766591
40382794
